-2.473826E-10 -101.0975 132.3991,
1.871502 -100.2488 256.5171,
11.60984 7.73 242.1725,
0.2525803 15.00335 297.9997,
-2.453744 14.73 212.7544,
4.03505 20.48 394.2518,
1.297263 20.42996 373.1228,
2.519702 8.41715 313.2118,
7.086399 7.73 274.3239,
2.056287 20.40549 377.856,
-3.260714 6.383152 588.2602,
-12.29429 4.797821 157.9835,
0.3499682 -100.224 342.0139,
-11.28876 17.73 291.525,
4.080979 8.475611 116.6024,
-3.949881 7.867298 135.1976,
4.113345 4.427416 162.3573,
2.273273 4.534357 161.0481,
4.922929 21.16903 314.8057,
-1.60746 -100.2787 579.8232,
4.249553 20.48 395.6557,
